기준년월|광역시도코드|시군구코드|시군구명|업종코드|업종명|평균단가|거래건수|평균매출금액|전월대비변화율|전년동월대비변화율
202501|47|28110|수원시|FF0101|한식|19197|2227|489158|0.0673|-0.0768
202501|44|42110|성남시|GG0101|일식|24788|4979|1724807|-0.0382|0.3275
202501|41|11140|강남구|GG0201|중식|6567|4887|6127920|0.2216|0.2607
202501|43|26110|서초구|FF0101|일식|29478|3203|1507679|-0.0979|0.0338
202501|27|45110|성남시|GG0101|한식|23427|299|7214989|0.1639|-0.2724
202501|41|11170|성남시|FF0101|카페|24169|1187|3433243|0.114|0.1026
202501|41|42110|성남시|GG0101|중식|27271|4587|4257836|-0.1181|0.2657
202501|46|11170|서초구|GG0101|일식|25317|3387|2507706|-0.1286|0.1411
202501|26|11110|부산진구|GG0201|일식|27429|204|9705683|-0.0671|-0.261
202501|41|26140|부산진구|GG0101|일식|13589|1710|5433551|0.1528|-0.2326
202501|45|45110|서초구|GG0101|중식|8934|425|7016015|-0.0605|-0.1001
202501|46|11200|서초구|LL0101|중식|22599|2692|7067014|-0.0367|0.0013
202501|11|11170|수원시|FF0101|일식|7272|4945|2236379|0.2348|-0.2335
202501|44|11200|서초구|GG0101|중식|6095|4687|9173124|0.2025|0.0354
202501|26|11140|부산진구|FF0101|한식|5200|1016|3365775|0.2005|-0.1549
202501|27|47110|수원시|LL0101|중식|17556|4407|6565783|-0.0481|-0.0834
202501|11|11200|성남시|LL0101|한식|21632|845|7061293|-0.1522|0.2919
202501|42|46110|성남시|LL0101|중식|11624|331|2876316|-0.0708|-0.0401
202501|42|41110|성남시|LL0101|일식|28272|1579|7586100|-0.0179|0.2842
202501|11|46110|성남시|GG0201|카페|13179|4323|2409733|0.289|0.0712
202501|45|27110|강남구|GG0201|카페|27041|1949|6742449|-0.1513|-0.0208
202501|45|28110|강남구|FF0101|중식|22560|4976|8216947|0.0158|-0.2055
202501|43|44130|성남시|FF0101|중식|29233|4115|1866897|0.1623|0.1527
202501|26|26140|서초구|GG0101|한식|7696|2958|9207059|-0.1706|-0.0391
202501|42|26110|서초구|GG0201|일식|6096|656|1244597|0.0494|0.1127
202501|41|41110|서초구|FF0101|한식|5548|4729|8868746|0.2157|-0.1949
202501|43|44130|부산진구|GG0201|카페|22320|377|8784442|0.2853|-0.1836
202501|26|11200|수원시|GG0101|한식|13814|4070|8018735|0.1126|-0.2849
202501|42|26140|부산진구|FF0101|한식|22005|1196|3826977|0.2683|0.2097
202501|11|11140|강남구|LL0101|일식|5937|4981|9661316|0.2256|-0.1793
202501|27|43110|강남구|GG0101|카페|11840|3130|6079576|-0.1019|-0.1515
202501|42|28110|부산진구|FF0101|한식|20745|2188|2514751|0.1734|-0.1247
202501|27|26110|부산진구|GG0201|카페|11288|4906|3352869|-0.1483|-0.2279
202501|47|46110|수원시|FF0101|카페|23900|3081|842680|-0.1791|0.1051
202501|42|11170|부산진구|GG0101|일식|26893|4557|3689765|0.0056|0.1411
202501|43|44130|수원시|GG0101|중식|8739|1153|6634680|0.089|-0.2016
202501|43|11200|수원시|GG0201|중식|29569|3197|5231067|-0.0462|0.3028
202501|44|44130|수원시|LL0101|한식|22459|845|1606010|-0.0157|0.2096
202501|43|46110|강남구|FF0101|카페|27734|1148|3222786|-0.1778|0.3106
202501|11|41130|부산진구|FF0101|중식|18258|4340|9108623|0.0635|0.2657
202501|11|28110|강남구|FF0101|카페|18393|287|2361010|0.1097|0.3168
202501|43|26110|강남구|LL0101|중식|8127|3437|1737925|-0.0824|0.01
202501|27|26110|강남구|GG0201|중식|9383|4313|613970|0.2573|0.2936
202501|45|43110|서초구|GG0101|카페|18780|680|6374730|0.1588|-0.0567
202501|42|11110|서초구|FF0101|중식|22937|600|3949277|0.0749|-0.2778
202501|47|28110|강남구|FF0101|카페|26477|2385|8672071|0.0348|-0.2066
202501|45|11110|강남구|LL0101|카페|19650|2092|9312455|0.0337|-0.0542
202501|43|47110|수원시|GG0201|한식|10549|3191|5711381|0.2746|0.2764
202501|45|41110|강남구|GG0201|카페|27780|234|4055181|0.2553|-0.1451
202501|26|26110|서초구|GG0201|카페|15817|510|9978330|0.2239|0.183
202501|45|26140|수원시|FF0101|한식|10258|4356|7138192|-0.0008|0.2448
202501|45|45110|수원시|FF0101|카페|24940|3768|8386548|0.2374|-0.0118
202501|47|42110|성남시|GG0101|일식|20979|4753|2684158|0.2586|0.299
202501|47|26140|수원시|GG0201|중식|25986|3160|8248419|0.1034|0.0247
202501|46|46110|부산진구|LL0101|중식|6057|3379|1399895|0.1142|-0.0452
202501|44|44130|성남시|LL0101|한식|24888|3456|3319661|0.2967|0.1386
202501|47|11110|수원시|GG0201|일식|17099|2821|6695889|0.1433|0.3645
202501|44|44130|부산진구|GG0101|중식|25855|4244|777917|0.1359|0.2248
202501|41|11200|부산진구|GG0101|중식|10551|1125|7453503|0.1512|0.2274
202501|41|47110|부산진구|LL0101|카페|29618|3091|8328612|0.0144|0.3125
202501|47|45110|수원시|LL0101|한식|25477|2852|9292057|0.0527|0.1999
202501|11|28110|부산진구|GG0201|카페|27456|1391|9266304|-0.1475|0.2108
202501|26|26140|서초구|GG0101|카페|18214|3844|1063803|-0.0755|0.0418
202501|26|11140|성남시|LL0101|일식|17762|3538|471874|-0.0167|-0.2704
202501|11|41110|수원시|LL0101|카페|16060|2974|9167267|0.2016|0.2525
202501|47|11170|서초구|GG0201|일식|18580|2526|8597036|0.0759|0.3404
202501|41|46110|수원시|GG0201|한식|10195|676|7186568|0.1512|0.1576
202501|42|45110|성남시|FF0101|중식|10084|2948|3219126|-0.0441|-0.0142
202501|45|11110|성남시|GG0101|한식|20072|3788|6008879|0.2943|0.0837
202501|42|41110|서초구|LL0101|카페|13725|2629|8069202|-0.0766|0.2962
202501|44|26140|부산진구|LL0101|중식|28407|4967|9139548|0.0168|0.1245
202501|42|41150|부산진구|GG0201|카페|9550|3301|2139383|-0.1735|-0.2956
202501|11|44130|강남구|GG0101|일식|28061|4405|9545476|0.0555|-0.2205
202501|26|27110|부산진구|FF0101|한식|29941|1790|4757918|-0.1471|-0.0254
202501|47|11140|성남시|GG0201|카페|16056|2819|4754765|-0.1393|0.2121
202501|42|28110|수원시|GG0101|카페|21599|2749|669486|0.2334|0.3298
202501|11|45110|성남시|GG0101|일식|11968|3645|1899667|0.111|-0.0995
202501|27|42110|강남구|GG0101|중식|18085|3946|6414578|0.0918|0.2997
202501|45|41150|강남구|LL0101|카페|16228|4496|7696518|0.0141|0.1816
202501|43|41130|서초구|GG0101|카페|6945|936|680900|0.0598|0.1939
202501|11|26110|수원시|GG0201|한식|13886|4037|2801690|0.0764|-0.0721
202501|46|28110|수원시|FF0101|카페|27934|2872|4384026|0.1135|0.1439
202501|47|27110|수원시|GG0101|중식|16911|3016|8679928|0.0316|0.0824
202501|47|46110|수원시|LL0101|중식|7593|3526|6443587|-0.1554|-0.0848
202501|44|41150|강남구|FF0101|카페|8683|3021|6816698|0.2572|-0.0705
202501|45|28110|수원시|GG0101|카페|5003|4708|2741317|-0.1426|0.166
202501|47|41150|부산진구|GG0101|카페|12216|3439|4639106|-0.12|0.1646
202501|47|27110|서초구|FF0101|일식|17527|4323|6216783|-0.0675|0.2612
202501|45|28110|강남구|FF0101|한식|19517|3978|1663694|0.2088|0.3862
202501|44|41130|강남구|FF0101|일식|16370|1408|2990741|-0.1716|-0.0486
202501|11|11170|서초구|GG0201|중식|29022|2691|9829925|0.2464|-0.1008
202501|41|43110|수원시|GG0101|카페|17931|1348|1637161|0.1202|0.3531
202501|44|41110|수원시|FF0101|한식|23673|1818|1759254|0.2988|-0.0522
202501|47|42110|서초구|FF0101|카페|17275|2611|8207057|0.0958|0.1679
202501|26|26110|성남시|FF0101|일식|17336|2856|6726894|0.2162|-0.2908
202501|47|44130|강남구|GG0201|일식|21789|3779|1386333|0.2296|-0.2409
202501|44|47110|서초구|LL0101|카페|14940|4543|2782335|0.0899|-0.1779
202501|42|26110|수원시|FF0101|카페|26092|2557|5050243|0.0109|-0.1847
202501|27|26140|성남시|GG0201|카페|11706|2269|697638|-0.1045|-0.1215
202501|45|27110|서초구|FF0101|중식|14617|587|8076442|0.0801|0.3926
202501|42|11110|서초구|FF0101|카페|22253|3701|2720308|0.0582|0.3704
202501|44|41150|성남시|GG0201|한식|22015|777|5463598|0.0956|-0.086
202501|11|47110|수원시|GG0101|중식|14076|2930|8359026|-0.1339|0.147
202501|27|41150|강남구|GG0201|한식|18591|989|7514659|0.2696|-0.1385
202501|27|43110|부산진구|LL0101|카페|19762|4238|9623339|-0.0536|-0.2715
202501|47|46110|부산진구|LL0101|한식|16246|3034|1425829|0.0826|0.1924
202501|27|11200|수원시|GG0201|카페|15624|3395|5210573|-0.0235|0.2195
202501|26|46110|부산진구|LL0101|카페|7599|1954|8910018|0.1171|0.3704
202501|11|27110|서초구|GG0201|중식|20963|4275|407845|-0.0582|0.3244
202501|47|41130|부산진구|GG0201|일식|26954|2386|4271381|-0.1299|0.3939
202501|43|41150|수원시|FF0101|일식|18784|959|7819060|-0.168|-0.2059
202501|41|11200|서초구|FF0101|한식|20248|1762|7835258|0.1756|-0.1809
202501|45|11140|성남시|FF0101|한식|21365|3897|3867027|-0.0693|0.3098
202501|41|42110|성남시|FF0101|중식|14164|3075|3948935|0.0281|-0.063
202501|47|11170|수원시|GG0101|카페|20388|4299|7697840|-0.0585|-0.1887
202501|42|11200|서초구|GG0201|중식|11048|1872|4012774|-0.159|0.2563
202501|44|11140|강남구|GG0201|한식|17067|811|2016583|0.0974|0.0968
202501|44|26110|수원시|LL0101|중식|11116|863|6073355|0.1773|-0.2526
202501|11|46110|부산진구|GG0201|일식|7206|2039|3174722|-0.1313|0.3482
202501|11|46110|서초구|GG0101|일식|7420|3620|9366596|-0.1833|0.2544
202501|26|41110|성남시|LL0101|한식|24839|1662|5114238|-0.1324|0.0116
202501|41|41110|성남시|GG0201|카페|26415|4514|403239|0.2074|0.3917
202501|11|11200|부산진구|GG0101|카페|18357|3939|8392038|-0.1443|-0.161
202501|26|47110|성남시|FF0101|한식|22638|2304|8917844|0.0015|-0.2944
202501|43|26140|성남시|GG0201|한식|10776|3248|6122263|-0.1661|-0.1507
202501|47|46110|성남시|GG0101|한식|16719|2070|9535006|0.2464|0.2081
202501|42|11110|수원시|LL0101|일식|17287|307|1377243|-0.1036|0.0977
202501|42|26140|성남시|FF0101|중식|26773|4255|2157491|-0.1261|-0.2733
202501|27|27110|수원시|GG0201|일식|10152|2784|5059199|0.1722|0.2376
202501|46|43110|성남시|GG0201|한식|27384|2047|3624526|0.0485|-0.0572
202501|42|26110|수원시|FF0101|중식|12323|2858|313603|0.2744|-0.278
202501|43|41110|성남시|GG0201|카페|23289|4436|4537988|-0.0066|0.2776
202501|47|26140|부산진구|LL0101|중식|18118|3793|131808|-0.0524|0.1247
202501|44|44130|수원시|FF0101|카페|28510|909|2210853|-0.1143|-0.2911
202501|47|42110|수원시|LL0101|카페|6299|2113|7830493|0.1286|0.3933
202501|41|11140|수원시|GG0101|카페|18050|1130|1629379|-0.1431|-0.0757
202501|43|41110|부산진구|LL0101|중식|28026|3771|6136148|0.1049|0.0382
202501|44|41110|강남구|LL0101|한식|24923|1422|9052731|0.2094|-0.0802
202501|41|45110|성남시|LL0101|중식|26249|3047|880392|0.1069|-0.1691
202501|45|28110|강남구|GG0201|카페|26367|1708|2976826|0.0566|0.3437
202501|46|11170|수원시|LL0101|카페|5013|1902|2591272|0.2531|0.1498
202501|27|47110|부산진구|FF0101|중식|14957|2453|2910050|0.0127|-0.1558
202501|45|11170|수원시|GG0101|일식|10294|4283|6408179|-0.1228|-0.0516
202501|46|28110|성남시|FF0101|중식|27381|2282|5986069|0.0326|0.385
202501|42|11170|수원시|LL0101|카페|9699|1301|9077909|0.2368|0.3368
202501|27|27110|성남시|FF0101|중식|13217|4924|9542680|0.018|0.299
202501|43|11110|강남구|GG0101|일식|21895|2534|2813665|0.1262|-0.1745
202501|11|46110|부산진구|LL0101|한식|11376|3289|3579533|-0.1198|0.2633
202501|47|11110|강남구|GG0101|카페|12726|498|2475382|-0.1444|-0.1566
202501|47|26110|부산진구|GG0201|한식|28201|1193|3351177|0.0472|-0.0708
202501|47|26110|성남시|FF0101|일식|22899|3598|1940504|0.1958|0.201
202501|47|42110|성남시|FF0101|한식|8444|848|5261495|-0.1507|0.0191
202501|26|26140|서초구|GG0201|한식|21075|1250|3195432|0.0413|-0.178
202501|43|42110|서초구|LL0101|한식|10450|1260|7290410|0.0516|0.0026
202501|44|11200|강남구|GG0101|중식|9626|4026|2456385|0.0481|-0.2237
202501|45|26110|강남구|FF0101|한식|24473|2841|7986611|0.0028|0.0862
202501|26|11170|성남시|GG0201|한식|14314|3001|1954100|0.0747|0.0541
202501|44|11110|수원시|GG0101|중식|20327|4845|275865|0.0362|0.1619
202501|47|11140|서초구|GG0101|카페|21062|4182|4934071|-0.1701|-0.2771
202501|42|28110|성남시|FF0101|한식|12677|2510|218122|0.109|0.2098
202501|46|41150|수원시|GG0201|일식|23050|1167|9780222|0.2374|0.1906
202501|27|41110|수원시|FF0101|카페|21891|4559|2366090|0.0097|-0.2504
202501|47|44130|성남시|GG0101|한식|10601|3549|6173430|-0.1058|0.269
202501|47|45110|부산진구|GG0101|카페|26123|3889|1240781|0.0941|0.0026
202501|46|11140|성남시|GG0201|일식|23608|711|6795692|-0.1335|0.3327
202501|43|47110|성남시|LL0101|일식|18168|3447|8267117|0.0333|0.2421
202501|46|44130|서초구|GG0201|한식|17861|606|1367531|0.0272|-0.0652
202501|42|42110|수원시|FF0101|일식|11837|2287|7406447|-0.0892|0.3685
202501|27|43110|강남구|GG0201|중식|23925|3809|6780949|-0.0268|0.1514
202501|44|41130|성남시|GG0101|중식|12333|3089|7475244|0.1757|-0.1214
202501|45|11140|강남구|GG0201|중식|23078|3017|2334613|-0.0675|0.2328
202501|46|41150|서초구|FF0101|카페|5551|2145|7571738|-0.0021|-0.1636
202501|46|26110|강남구|GG0101|카페|20169|4851|6169772|-0.128|-0.0554
202501|43|11140|서초구|GG0101|중식|8673|301|4954811|-0.1326|0.364
202501|26|11170|부산진구|LL0101|한식|19722|2358|3965091|-0.1272|0.3112
202501|26|41130|성남시|GG0101|한식|25238|2241|1199920|0.1985|-0.2913
202501|47|27110|수원시|LL0101|중식|6077|4960|4584751|0.2117|0.3784
202501|42|44130|수원시|GG0201|한식|10153|525|4764497|0.2616|0.2037
202501|42|44130|서초구|FF0101|카페|8508|3049|8953727|-0.1529|0.0815
202501|26|47110|강남구|GG0101|중식|5418|1017|2700817|-0.0017|-0.2442
202501|45|41110|수원시|GG0201|카페|5514|4828|5866300|-0.0672|0.2195
202501|27|11200|강남구|GG0201|한식|20094|2391|330450|-0.1634|-0.0839
202501|43|11170|성남시|LL0101|중식|20776|2154|2281036|0.0084|0.1387
202501|43|47110|서초구|GG0201|중식|24789|1703|6167704|0.0769|-0.09
202501|43|41150|서초구|LL0101|중식|23423|650|1422151|0.0975|-0.1385
202501|43|11200|성남시|GG0101|일식|24822|4692|618519|0.1639|-0.0478
202501|44|11140|성남시|FF0101|중식|21054|2118|4981366|0.2865|-0.0805
202501|47|26140|서초구|GG0201|중식|27893|2358|4331527|0.1396|-0.1107
202501|44|46110|수원시|GG0201|일식|14920|4750|2339521|0.0053|-0.228
202501|44|43110|강남구|GG0201|한식|9788|772|6559269|-0.0496|-0.1745
202501|43|41110|강남구|LL0101|카페|22284|4280|6165580|0.0706|-0.0449
202501|41|11200|부산진구|GG0101|중식|19475|2111|4967504|-0.0065|0.3121
202501|27|42110|서초구|GG0101|일식|25837|4230|5214209|-0.1595|-0.1277
202501|27|41130|서초구|FF0101|중식|11937|314|6471325|0.1078|-0.1683
202501|42|46110|부산진구|FF0101|일식|23397|1375|8282004|0.0392|0.0713
202501|11|45110|수원시|GG0201|중식|25469|4639|9198124|0.0527|0.1758
202501|43|41110|수원시|GG0201|중식|19271|4500|4243508|-0.1012|0.1884
202501|42|11140|성남시|FF0101|카페|18114|464|3820123|0.1258|-0.0366
202501|47|11140|서초구|GG0201|카페|21655|3294|332682|0.2371|-0.2711
202501|43|11170|수원시|FF0101|한식|24623|799|5498439|0.1063|-0.0298
202501|41|26140|부산진구|GG0101|일식|24552|4867|7746248|-0.1919|0.0212
202501|45|26110|서초구|GG0101|일식|9300|4580|1080853|0.0067|-0.1779
202501|44|11110|서초구|GG0101|한식|22527|2513|1421685|-0.1492|0.3154
202501|11|42110|수원시|LL0101|일식|26061|463|4212882|0.1853|-0.1327
202501|26|11200|부산진구|GG0201|카페|21711|3253|4194998|-0.1618|-0.0041
202501|46|41150|서초구|FF0101|한식|6036|4358|7358896|0.0805|0.1498
202501|42|11170|부산진구|LL0101|중식|23501|4668|6419582|0.0552|0.1405
202501|41|41130|강남구|GG0201|일식|23715|1799|4564821|0.1306|0.3712
202501|11|43110|서초구|LL0101|일식|25815|4063|6177170|-0.1083|0.0391
202501|45|46110|부산진구|FF0101|일식|22126|4172|7367062|0.2986|-0.0898
202501|47|45110|수원시|GG0101|중식|28358|367|2772435|-0.0543|-0.0155
202501|42|45110|수원시|GG0201|중식|28083|1816|8634030|-0.1789|0.0996
202501|42|46110|부산진구|LL0101|일식|7701|1523|2112235|-0.0496|-0.0066
202501|41|11200|부산진구|GG0201|중식|9888|4702|6773525|0.134|-0.1343
202501|44|11140|성남시|GG0101|카페|15879|4599|8823029|0.061|-0.2991
202501|47|11140|서초구|LL0101|일식|15216|4655|530361|0.0728|0.2349
202501|47|28110|강남구|GG0201|한식|9630|2859|1833328|-0.0613|-0.0689
202501|47|28110|서초구|FF0101|한식|15156|3081|3358560|0.1545|-0.1474
202501|26|11110|수원시|GG0101|중식|27086|893|8166699|0.1612|0.1749
202501|44|11170|강남구|LL0101|일식|14471|200|6115795|-0.0053|0.2072
202501|27|41130|성남시|LL0101|중식|21005|832|8241780|0.155|0.0743
202501|47|42110|서초구|GG0101|카페|6889|581|7156825|0.219|0.3343
202501|43|11140|서초구|LL0101|한식|12050|1389|8431325|-0.0241|0.394
202501|11|41110|서초구|FF0101|카페|24476|4318|7792692|0.2374|0.0215
202501|43|28110|수원시|GG0101|중식|17715|3878|662997|0.0102|0.2778
202501|43|44130|강남구|FF0101|한식|8149|2965|4503012|0.0966|0.3029
202501|27|26140|부산진구|FF0101|중식|23771|1300|9342622|-0.152|-0.267
202501|47|45110|부산진구|GG0201|카페|28558|4242|5152213|0.1011|0.3615
202501|45|11170|부산진구|FF0101|일식|17854|3472|8609641|-0.1461|0.0789
202501|43|46110|강남구|LL0101|중식|23582|2149|171428|0.2658|-0.062
202501|27|27110|강남구|LL0101|카페|17877|1189|5173304|-0.0361|0.1307
202501|46|41110|성남시|GG0201|중식|16273|2699|2039428|0.0802|0.052
202501|11|46110|부산진구|GG0101|한식|12611|4762|2395850|-0.145|0.3649
202501|11|11170|성남시|LL0101|일식|8069|2173|1485512|0.0729|-0.1321
202501|27|28110|서초구|LL0101|카페|10555|1242|8732846|0.0521|0.1212
202501|41|28110|강남구|FF0101|카페|17699|2836|7476785|0.0025|-0.2145
202501|27|46110|수원시|FF0101|중식|27844|4528|3834477|-0.1729|-0.1903
202501|42|27110|서초구|FF0101|일식|10561|2311|9835214|-0.1764|-0.2456
202501|41|11110|강남구|FF0101|카페|12147|1656|285898|0.2226|0.0425
202501|42|46110|성남시|GG0101|일식|20564|3981|859171|0.2681|0.2166
202501|26|11170|수원시|GG0101|일식|24168|4072|6199893|-0.01|0.1779
202501|41|42110|서초구|LL0101|카페|25430|1975|3683602|0.2531|-0.2377
202501|44|46110|성남시|GG0201|카페|26713|3855|7293401|0.2663|0.2041
202501|41|47110|부산진구|GG0201|중식|18303|3741|8092452|-0.0694|-0.0773
202501|26|27110|서초구|GG0201|중식|20373|3525|6014240|-0.0615|0.0108
202501|11|26110|강남구|GG0201|카페|10892|4002|774268|-0.1186|0.2472
202501|44|11200|수원시|FF0101|중식|15899|110|5567906|-0.0196|0.1125
202501|41|41150|수원시|LL0101|일식|17295|2345|2617912|-0.0542|0.0234
202501|47|26140|수원시|LL0101|카페|25653|2403|3540119|-0.0372|0.2219
202501|11|27110|성남시|FF0101|한식|7822|4312|2170572|0.0481|0.0693
202501|47|43110|성남시|GG0201|카페|16334|2993|3555949|-0.1418|-0.1404
202501|27|44130|수원시|GG0201|한식|8053|2104|5960292|-0.1774|0.2317
202501|44|41150|서초구|GG0101|한식|12183|590|4985197|0.2153|0.0853
202501|27|11170|수원시|FF0101|일식|29681|4551|6745530|-0.1307|0.1402
202501|43|45110|강남구|GG0201|카페|6608|2413|4736467|-0.1192|-0.2118
202501|26|43110|수원시|GG0201|한식|11793|59|6966996|-0.175|0.0895
202501|43|47110|성남시|LL0101|일식|24068|1852|3147763|0.1517|0.0199
202501|11|27110|성남시|FF0101|카페|27263|2195|1884841|0.0555|-0.0418
202501|46|26110|서초구|FF0101|중식|8902|1835|3520530|0.2851|0.2746
202501|45|41110|서초구|GG0201|일식|18242|4213|3293574|0.2789|0.1905
202501|42|26140|성남시|FF0101|카페|25489|1114|4458713|-0.0667|0.0982
202501|46|27110|부산진구|GG0201|카페|7911|1779|4804867|-0.0287|0.3235
202501|26|46110|부산진구|FF0101|한식|27822|337|4668623|0.0602|0.3813
202501|44|45110|부산진구|GG0101|중식|24968|2510|4681251|-0.1992|0.0213
202501|44|41130|강남구|LL0101|카페|28997|1000|521758|0.2415|0.0826
202501|43|11110|성남시|GG0201|일식|17243|346|2351755|-0.1736|-0.019
202501|42|41130|수원시|LL0101|중식|6161|1931|4211976|0.1058|0.0025
202501|27|44130|수원시|FF0101|한식|18106|1184|4988045|-0.0852|0.392
202501|26|41130|강남구|LL0101|일식|25410|462|8262582|-0.1126|0.2692
202501|47|26140|성남시|GG0201|중식|19825|3976|866000|0.2084|-0.1106
202501|44|41110|성남시|GG0101|카페|22060|3640|1439503|0.1228|-0.1975
202501|44|42110|수원시|GG0101|일식|17138|43|7780207|0.2405|-0.0039
202501|45|26140|강남구|GG0201|카페|18048|1462|8525469|-0.1446|-0.0804
202501|45|41150|성남시|LL0101|일식|25991|779|2230648|-0.0103|-0.263
202501|27|42110|수원시|FF0101|중식|9378|688|1107171|0.1749|-0.2589
202501|11|47110|서초구|GG0201|일식|27037|1107|3437271|0.2255|-0.1776
202501|45|26140|서초구|GG0101|일식|20807|4686|6404876|0.0368|-0.0109
202501|43|27110|성남시|LL0101|중식|5513|3863|1168243|0.199|0.2125
202501|45|11110|성남시|FF0101|일식|16382|1455|5810871|0.1947|0.0989
202501|43|11140|강남구|FF0101|중식|9939|2833|2427277|0.234|-0.1068
202501|11|11170|서초구|FF0101|일식|6001|3650|8869347|0.2364|0.0586
202501|26|11140|강남구|GG0201|한식|14360|123|3423995|-0.1078|0.0539
202501|42|26110|성남시|FF0101|카페|15886|631|2844109|-0.0566|-0.2824
202501|42|42110|성남시|LL0101|중식|28972|3949|9764567|-0.059|0.0291
202501|27|42110|서초구|GG0201|카페|13704|4436|6993861|0.0621|-0.0606
202501|26|41150|성남시|GG0201|중식|29202|2848|4150875|-0.0205|0.1225
202501|44|11140|서초구|LL0101|중식|11600|2690|5815636|0.2198|0.1153
202501|26|26110|강남구|LL0101|일식|27067|4898|1398860|-0.0884|0.3396
202501|11|11170|서초구|GG0201|일식|29186|1659|8837845|0.2938|0.1242
202501|41|26140|수원시|LL0101|카페|5448|925|556330|0.1316|0.2152
202501|27|11170|수원시|LL0101|카페|21207|328|4487270|0.1345|-0.2774
202501|47|45110|성남시|LL0101|한식|19453|4953|4301713|-0.1818|-0.1565
202501|26|41110|부산진구|LL0101|중식|8686|273|4463280|0.0588|0.2492
202501|41|46110|서초구|GG0201|일식|17651|2463|8846448|0.1575|0.2913
202501|11|11170|수원시|FF0101|일식|18391|2763|6536221|-0.1855|-0.258
202501|47|46110|부산진구|GG0101|한식|13715|2284|6585538|-0.1903|0.29
202501|47|44130|부산진구|FF0101|한식|15747|1064|5563566|-0.1778|-0.0362
202501|27|27110|서초구|FF0101|중식|25643|1531|9519154|0.0394|0.3902
202501|45|47110|수원시|GG0101|일식|15929|3463|5680686|-0.1812|0.0995
202501|42|47110|수원시|FF0101|일식|10655|3279|5309303|-0.1773|-0.1586
202501|47|41110|서초구|GG0101|카페|5314|511|7612841|0.0076|-0.0493
202501|41|41150|강남구|GG0101|한식|25519|3208|9392963|0.0413|0.3296
202501|46|26110|강남구|FF0101|중식|16208|1195|1444254|-0.1133|-0.2664
202501|47|26110|성남시|GG0201|한식|11412|3333|531012|-0.0404|-0.0086
202501|43|47110|성남시|FF0101|중식|6650|3402|8064504|0.152|-0.0436
202501|43|11170|강남구|GG0101|일식|22991|863|8485391|-0.0406|0.278
202501|26|26110|부산진구|GG0101|일식|22495|3858|6883516|0.1558|-0.0397
202501|41|41110|강남구|LL0101|중식|23076|2327|9239903|0.1077|-0.2144
202501|44|41150|서초구|GG0101|중식|10491|1179|7819806|0.2974|-0.2928
202501|45|43110|서초구|GG0101|한식|7202|3425|9723960|0.0596|-0.0761
202501|47|28110|성남시|GG0201|일식|10962|4569|176047|0.2205|0.3777
202501|44|11200|수원시|GG0101|중식|24204|1033|8374506|-0.0923|0.1782
202501|47|11140|수원시|LL0101|일식|28837|2271|5757358|0.1778|0.2896
202501|46|26110|성남시|LL0101|일식|9987|3780|948484|0.1414|-0.1216
202501|27|41110|수원시|FF0101|카페|23385|569|5392894|0.2955|-0.2246
202501|11|41110|성남시|GG0201|한식|13670|842|3856256|-0.0296|-0.1123
202501|43|45110|수원시|GG0101|중식|26775|1180|1677804|-0.0679|0.1067
202501|45|47110|수원시|LL0101|중식|29934|1414|1986112|0.1651|0.2745
202501|42|26140|성남시|FF0101|중식|28660|428|9437500|-0.1436|0.1068
202501|42|11200|강남구|GG0201|한식|18110|199|1410901|-0.1815|0.2769
202501|45|45110|서초구|GG0101|한식|19617|4611|5757479|-0.127|-0.1782
202501|26|44130|강남구|GG0101|중식|12890|2506|9758634|0.2798|-0.1655
202501|41|41130|부산진구|GG0201|일식|14384|1677|9376964|-0.073|0.1798
202501|26|46110|서초구|FF0101|중식|28862|597|9844631|0.1523|-0.2306
202501|27|26140|성남시|FF0101|일식|26673|3997|5332572|0.2665|-0.2154
202501|43|45110|성남시|GG0201|카페|11055|4416|3506436|0.1135|-0.2341
202501|41|44130|수원시|GG0201|중식|26546|210|5190604|0.0809|-0.2049
202501|45|11170|부산진구|GG0201|일식|24569|2496|1120251|-0.1903|0.0139
202501|27|41150|성남시|GG0101|중식|11658|3628|1739460|0.1271|-0.1056
202501|47|11170|서초구|FF0101|일식|21512|181|6860719|-0.037|-0.0656
202501|26|47110|수원시|GG0101|중식|28204|3014|8545628|-0.0969|0.2344
202501|42|11170|강남구|LL0101|일식|29393|4420|9250262|0.2929|-0.1058
202501|45|26110|강남구|GG0101|카페|27795|203|5926510|0.2848|0.3717
202501|45|47110|서초구|LL0101|카페|8590|4785|4794563|0.245|-0.2481
202501|46|41110|부산진구|LL0101|일식|21443|859|5095569|0.1776|0.0045
202501|27|47110|수원시|LL0101|일식|16832|1491|5686366|-0.0668|0.2304
202501|43|26140|수원시|LL0101|일식|21624|4255|1857995|0.0647|0.2247
202501|26|46110|수원시|LL0101|한식|10855|677|7215564|0.0409|-0.0443
202501|11|11110|강남구|GG0201|일식|6215|435|7008641|0.1595|-0.0315
202501|45|11170|성남시|GG0101|한식|8738|2670|8920459|0.2178|-0.0362
202501|46|41150|서초구|GG0101|일식|16594|4888|8072995|0.0598|0.2398
202501|44|26110|강남구|GG0201|일식|10635|1020|5254467|-0.1174|-0.0897
202501|46|41110|서초구|GG0101|일식|5446|2766|9509693|0.1776|-0.1979
202501|41|11110|강남구|FF0101|일식|13466|4630|5181713|-0.0418|-0.269
202501|42|41110|강남구|GG0201|일식|15625|2263|7787070|0.0613|0.2381
202501|26|43110|서초구|GG0101|카페|19099|490|4698210|0.2388|-0.0477
202501|43|44130|서초구|GG0201|한식|10389|1045|8795403|-0.0967|-0.2847
202501|11|47110|강남구|LL0101|한식|22040|4437|3885989|-0.1611|0.1459
202501|46|46110|수원시|FF0101|카페|23402|4502|3762240|0.0617|0.2193
202501|41|11170|부산진구|LL0101|한식|9339|4790|4117477|0.2628|0.3304
202501|45|46110|수원시|GG0201|일식|12501|2703|9525211|-0.1774|0.1836
202501|11|41110|성남시|GG0101|한식|27834|3794|4626707|0.081|0.2749
202501|43|41150|부산진구|FF0101|중식|13419|4462|1443894|0.1769|0.0858
202501|42|28110|부산진구|FF0101|한식|11198|3022|966464|0.2858|0.0473
202501|41|11110|강남구|GG0201|한식|25506|3401|2790487|-0.1363|0.1915
202501|27|43110|수원시|FF0101|일식|7418|456|5032792|-0.0951|-0.1626
202501|45|42110|강남구|GG0201|한식|25022|719|7733203|-0.1912|0.1814
202501|45|45110|수원시|GG0101|중식|24586|3278|9441931|0.2547|0.0734
202501|43|43110|성남시|GG0101|일식|14627|1108|9125373|0.2248|0.2069
202501|27|43110|수원시|LL0101|중식|25378|3901|2567503|0.171|-0.2366
202501|47|42110|성남시|GG0101|한식|23408|4531|7826296|-0.1314|0.1957
202501|47|46110|서초구|GG0101|카페|22695|3211|9747156|-0.038|0.3953
202501|41|45110|서초구|LL0101|한식|22711|3259|3148370|-0.0993|0.0702
202501|41|27110|수원시|FF0101|한식|21413|4548|5405851|0.003|-0.2633
202501|45|11170|성남시|FF0101|카페|24063|1897|7255330|0.1096|-0.1719
202501|44|11200|부산진구|FF0101|한식|14751|4262|4757708|-0.0253|0.34
202501|41|28110|성남시|LL0101|카페|19963|1599|7029336|-0.1431|0.1632
202501|11|11140|강남구|FF0101|카페|13975|354|5901185|0.0292|0.3617
202501|47|46110|수원시|GG0201|중식|6632|723|4643139|0.2658|0.0946
202501|41|41130|수원시|FF0101|카페|5796|1311|6726647|0.1133|0.1547
202501|41|45110|성남시|GG0101|일식|5924|1413|6391674|-0.0161|0.2763
202501|42|41110|서초구|GG0101|일식|5742|2329|9622785|0.1772|-0.2588
202501|47|45110|성남시|LL0101|중식|10307|1956|1350553|0.1527|0.1988
202501|26|27110|강남구|GG0201|한식|15365|3440|1533088|0.0607|-0.0533
202501|26|27110|성남시|FF0101|카페|20060|783|2444619|-0.1338|0.3647
202501|47|11140|수원시|LL0101|일식|26888|3650|4577710|0.0421|-0.1562
202501|44|26140|부산진구|FF0101|카페|24363|3564|6847972|0.152|-0.1317
202501|11|41110|수원시|LL0101|카페|27423|2000|7578899|0.1144|-0.2095
202501|45|27110|부산진구|GG0101|카페|21124|794|1642261|-0.0448|0.017
202501|44|44130|서초구|LL0101|한식|8995|2370|8887816|-0.0071|0.2125
202501|11|41110|성남시|GG0101|중식|6868|4582|6292219|0.2133|0.2222
202501|42|11140|서초구|GG0201|중식|14989|3537|7234805|0.2422|0.2887
202501|11|47110|강남구|GG0101|중식|29636|2983|2633303|0.0565|-0.2154
202501|42|42110|강남구|GG0101|중식|12514|3373|6582067|-0.1573|0.1026
202501|42|46110|부산진구|GG0101|카페|5633|3357|3906508|-0.0016|0.2464
202501|26|46110|수원시|GG0201|카페|17692|3073|973053|0.0907|-0.1912
202501|47|11200|성남시|GG0101|한식|22791|1523|4165814|-0.1981|-0.0686
202501|45|11140|부산진구|FF0101|카페|18476|1031|5252813|-0.0069|-0.1162
202501|45|26110|서초구|FF0101|일식|13819|3460|6106529|0.0949|0.2935
202501|41|42110|서초구|GG0201|한식|12636|619|5584259|-0.0087|0.0011
202501|44|45110|강남구|LL0101|중식|19286|2597|6819009|-0.1816|0.2202
202501|47|46110|부산진구|FF0101|한식|22689|2668|5258582|-0.1033|-0.2211
202501|27|41150|수원시|FF0101|중식|14620|1248|2768413|0.0275|0.264
202501|26|11140|부산진구|GG0201|한식|11941|1818|636156|-0.1454|0.2749
202501|44|11200|서초구|LL0101|중식|6792|4619|3831438|0.0642|-0.0168
202501|47|11110|성남시|FF0101|카페|25194|3371|6984027|-0.0614|-0.2865
202501|43|26140|부산진구|LL0101|일식|25234|4099|394225|-0.0607|0.017
202501|46|11110|성남시|FF0101|중식|21674|2830|9287324|0.0575|-0.0961
202501|46|11200|수원시|GG0101|카페|9228|4947|7216419|-0.1512|-0.0907
202501|46|11110|강남구|FF0101|중식|8429|1319|2664648|0.2866|0.0828
202501|44|41110|부산진구|LL0101|카페|14703|515|5197421|0.2497|-0.0902
202501|26|45110|수원시|GG0101|카페|28260|4757|7220994|0.1955|0.3262
202501|27|11110|성남시|LL0101|일식|18366|1450|4867611|-0.0816|0.1579
202501|11|11140|성남시|GG0101|일식|18622|1770|8763478|0.2771|0.2501
202501|43|43110|수원시|GG0101|카페|27783|2767|8460329|0.2348|-0.2079
202501|11|41130|강남구|LL0101|중식|27022|3773|9739645|0.25|-0.1852
202501|11|43110|수원시|GG0201|중식|7610|44|1086484|0.0877|0.2881
202501|45|41110|수원시|GG0201|일식|29058|3272|3966319|-0.0326|0.3402
202501|45|41110|서초구|LL0101|일식|14502|3425|1144990|-0.1906|0.2518
202501|45|44130|강남구|LL0101|중식|14429|3834|6148366|0.0657|-0.088
202501|11|41110|부산진구|FF0101|한식|14864|881|4744306|-0.1268|0.0751
202501|47|27110|성남시|GG0101|한식|22441|1188|5957764|-0.0812|0.1962
202501|11|46110|서초구|LL0101|한식|22590|167|2571954|-0.1504|-0.2667
202501|26|28110|강남구|GG0101|한식|13227|3928|6915157|0.2862|0.1288
202501|27|11200|서초구|GG0201|중식|24628|4582|7254832|0.2639|0.1764
202501|44|45110|수원시|GG0201|중식|15236|3403|4121664|-0.1027|0.239
202501|11|27110|강남구|GG0101|중식|10639|436|3455494|0.2397|0.1368
202501|41|45110|부산진구|GG0101|카페|19997|609|6552415|-0.1053|0.2738
202501|46|28110|수원시|FF0101|한식|7999|3461|9783691|0.2815|0.3359
202501|41|28110|서초구|GG0201|중식|29933|2378|4829738|-0.1056|-0.0529
202501|46|46110|수원시|GG0101|카페|21390|1492|4388890|0.0708|0.1186
202501|42|45110|서초구|GG0201|한식|18977|60|5056539|-0.1945|0.2563
202501|27|45110|부산진구|GG0201|한식|29399|236|4987978|-0.0247|0.3134
202501|43|11110|서초구|FF0101|일식|12970|84|2765610|-0.0283|-0.0171
202501|46|11140|서초구|GG0201|카페|27618|1211|7715783|0.2337|0.3636
202501|44|26110|부산진구|GG0201|한식|22998|255|1218269|0.243|0.1821
202501|43|47110|서초구|GG0201|한식|19862|916|9864207|0.0388|0.3833
202501|43|26110|성남시|LL0101|일식|12987|2310|9593639|0.0618|0.1359
202501|44|41150|수원시|GG0201|중식|8862|169|7871695|-0.0994|0.3933
202501|45|11170|성남시|GG0201|일식|5675|1461|9013011|-0.1959|0.3266
202501|27|41110|부산진구|GG0201|한식|14935|929|1679122|-0.0879|0.0254
202501|26|11140|성남시|GG0101|중식|22384|894|1725062|0.1005|-0.1077
202501|45|44130|서초구|GG0101|중식|29501|1925|3575367|0.0596|0.2091
202501|45|28110|강남구|LL0101|한식|28915|4807|9752609|-0.1543|0.0455
202501|44|11110|부산진구|GG0201|일식|11340|3422|866159|-0.1603|-0.2015
202501|26|47110|서초구|GG0201|한식|13019|3197|3186422|0.1077|-0.1366
202501|47|11140|수원시|GG0101|중식|29600|2445|4569506|-0.1263|0.0946
202501|47|42110|성남시|GG0101|한식|22109|129|5936767|0.1617|0.3383
202501|26|11140|성남시|LL0101|중식|15860|4247|2443134|0.2665|0.2116
202501|42|41150|수원시|FF0101|중식|18252|2185|5269952|-0.0779|-0.1213
202501|46|11110|강남구|GG0201|카페|5609|3730|959667|0.0404|-0.1855
202501|46|11140|수원시|GG0101|중식|23262|2945|6811228|-0.1416|0.275
202501|43|11170|성남시|GG0201|일식|6792|321|4003362|-0.1607|0.2248
202501|42|26110|강남구|GG0101|카페|29142|2772|9104052|0.0088|-0.1772
202501|27|26110|성남시|GG0101|일식|16045|53|5638649|0.144|0.2412
202501|43|41130|서초구|GG0101|중식|22234|3611|2696761|0.2206|0.3286
202501|43|27110|성남시|LL0101|중식|24004|3757|2022999|-0.1416|0.1201
202501|26|41130|강남구|GG0101|일식|21174|220|4941980|0.2712|0.0173
202501|46|11170|서초구|LL0101|한식|15636|891|7582738|-0.1391|0.0693
202501|43|11170|성남시|GG0201|일식|5509|1582|6271528|-0.1613|0.23
202501|44|46110|서초구|LL0101|한식|26099|3843|1127442|0.0162|0.3471
202501|42|11110|수원시|FF0101|카페|14055|960|9585835|0.2373|-0.2357
202501|44|41150|수원시|FF0101|한식|29469|3829|4089417|-0.1918|-0.025
202501|44|45110|부산진구|GG0201|중식|20462|4816|2393376|0.1449|-0.2507
202501|43|47110|부산진구|GG0201|일식|6145|4635|191619|0.0313|-0.2708
202501|47|41130|성남시|FF0101|한식|20124|3133|4916960|-0.0593|-0.1972
202501|27|11140|서초구|LL0101|중식|20706|2927|7255253|-0.0256|-0.2895
202501|26|11200|강남구|LL0101|일식|21157|1706|2610646|-0.1044|0.3963
202501|47|46110|수원시|FF0101|한식|9313|2792|732126|0.07|-0.0585
202501|41|41150|강남구|GG0201|한식|22937|4572|7178614|0.0181|0.0471
202501|27|46110|강남구|GG0201|중식|23952|1866|7483936|0.049|0.1757
202501|47|11170|수원시|GG0101|일식|16315|4018|3043964|-0.1913|0.1821
202501|47|41130|성남시|FF0101|카페|11628|608|9661323|-0.0948|0.3315
202501|27|41150|수원시|GG0101|중식|9610|3462|5924590|0.2081|-0.0138
202501|41|11170|성남시|LL0101|일식|24324|2162|8303692|0.2142|0.0499
202501|41|46110|서초구|GG0201|카페|16962|3143|2881014|0.1047|-0.0529
202501|11|11200|수원시|GG0101|카페|7671|4026|5395625|0.1687|-0.1219
202501|11|44130|수원시|GG0201|일식|11030|1336|7769544|0.2369|-0.1356
202501|44|27110|수원시|FF0101|한식|23148|710|9669868|0.1526|-0.0513
202501|26|45110|수원시|GG0101|일식|26803|2610|6591762|0.2863|0.0334
202501|46|46110|성남시|LL0101|카페|23149|3544|7737988|0.2871|0.0423
202501|42|45110|강남구|GG0201|중식|10059|4194|2559411|-0.0975|-0.0665
202501|26|11200|수원시|GG0201|일식|26595|754|1073361|-0.1949|-0.2646
202501|26|11200|서초구|GG0101|한식|13552|808|9472998|-0.1744|0.3283
202501|27|45110|성남시|GG0201|카페|23958|4009|870242|-0.1451|-0.0299
202501|11|11200|수원시|GG0201|일식|26114|3456|8324086|0.2612|-0.0407
202501|43|26140|성남시|FF0101|한식|9168|1365|1928693|-0.0518|0.0284
202501|41|47110|서초구|FF0101|한식|11056|2152|9399497|0.2762|0.169
202501|44|41150|서초구|GG0101|중식|18535|3045|7635564|0.2567|0.2718
202501|26|28110|강남구|GG0101|한식|26898|2204|6129809|0.1963|0.2374
202501|45|45110|서초구|LL0101|카페|19808|4264|4487468|0.0559|-0.1004
202501|46|41130|서초구|FF0101|카페|18827|4699|9999738|0.2149|-0.0784
202501|44|41110|성남시|GG0201|한식|5069|301|4705614|0.2264|0.2829
202501|45|26110|강남구|LL0101|중식|8789|2149|1971624|-0.1977|-0.1676
202501|47|26140|성남시|LL0101|중식|5015|2550|9016728|-0.0522|-0.1346
202501|41|41110|수원시|FF0101|일식|10061|4122|462915|0.2574|0.0992
202501|26|11110|수원시|FF0101|일식|12312|3240|7654265|-0.1602|-0.2816
202501|42|11170|부산진구|GG0101|일식|8010|3567|7865432|0.2765|-0.2326
202501|41|26110|부산진구|GG0201|카페|10456|2571|6580083|-0.1822|0.0522
202501|41|28110|서초구|LL0101|중식|14894|224|5888106|-0.1457|-0.2303
202501|47|46110|강남구|FF0101|일식|21679|1223|8040533|0.255|0.2222
202501|27|44130|강남구|GG0201|카페|5203|2273|3097662|0.0062|-0.2697
202501|44|44130|성남시|LL0101|카페|21152|1263|3548551|-0.1203|0.2192
202501|11|45110|서초구|GG0101|카페|19866|364|522253|0.085|-0.047
202501|47|45110|강남구|GG0101|중식|24692|2443|9404221|0.0896|0.1617
202501|41|47110|부산진구|LL0101|카페|20787|3465|1860052|-0.1691|0.237
202501|11|11140|성남시|GG0201|중식|18113|91|2824064|0.1961|0.3775
202501|11|26110|서초구|GG0201|카페|23404|1119|1186379|0.2861|0.0875
202501|42|41150|강남구|LL0101|한식|6991|1258|6903319|-0.0053|0.3949
202501|26|27110|수원시|FF0101|카페|20243|3714|8405165|-0.1578|-0.0814
202501|45|41130|강남구|GG0201|한식|15890|1517|4411236|0.2606|-0.189
202501|46|11110|성남시|FF0101|카페|11477|2071|2003426|0.0331|-0.0794
202501|41|44130|부산진구|GG0201|일식|16113|1955|2272162|-0.038|0.3667
202501|47|43110|서초구|FF0101|카페|22218|991|7374160|0.1954|0.288
202501|26|41110|서초구|LL0101|일식|6841|3162|268399|0.0819|0.3238
202501|26|26140|성남시|GG0101|중식|19664|3233|968960|0.2068|-0.0275
202501|46|11110|성남시|GG0101|한식|20982|3236|4205572|-0.0857|-0.0752
202501|43|42110|부산진구|GG0101|일식|16930|1111|9736770|0.1522|0.0765
202501|41|46110|서초구|GG0201|한식|9466|15|811072|-0.1563|0.1882
202501|43|11140|수원시|FF0101|중식|24618|1803|9342150|-0.1415|0.0712
202501|47|28110|성남시|GG0201|일식|11942|3974|9659944|-0.171|-0.2595
202501|26|11140|부산진구|GG0101|카페|9277|3429|1546285|-0.1701|-0.2963
202501|46|41130|성남시|GG0201|카페|9419|4093|9147590|-0.1289|0.139
202501|41|43110|수원시|FF0101|카페|5499|3983|8435542|0.077|0.3909
202501|11|11200|서초구|GG0201|카페|8572|780|4577472|-0.1359|-0.2421
202501|44|41150|부산진구|GG0201|카페|13885|19|6857432|0.0935|-0.1549
202501|11|11140|수원시|LL0101|중식|22014|1534|294615|0.1704|0.0956
202501|11|11200|강남구|GG0201|카페|8798|1903|8970092|-0.097|0.3178
202501|26|41150|강남구|GG0201|중식|10818|4968|8321613|0.234|-0.082
202501|43|26110|성남시|GG0101|카페|8783|1054|5005497|-0.0916|0.2481
202501|42|11200|수원시|GG0201|한식|28843|2664|2529047|0.2723|0.2199
202501|47|26140|부산진구|GG0101|중식|6437|3712|1310706|0.1299|0.0991
202501|44|44130|부산진구|FF0101|한식|12749|2130|7891067|0.017|-0.1427
202501|27|26140|강남구|GG0101|일식|9438|3315|275686|-0.0953|0.0716
202501|27|47110|성남시|LL0101|카페|14457|2220|4507695|-0.1198|-0.1986
202501|47|41110|수원시|FF0101|카페|18044|4201|1271302|-0.0571|-0.0196
202501|41|11140|부산진구|GG0201|일식|28610|1061|8875123|-0.1874|0.345
202501|43|44130|부산진구|GG0101|한식|15260|3437|4695244|0.232|-0.1346
202501|47|11140|성남시|GG0201|중식|10101|3607|6263335|0.1318|-0.2363
202501|43|46110|부산진구|FF0101|한식|9578|3758|7895552|0.0627|0.3126
202501|11|26110|서초구|LL0101|카페|8476|2375|1436566|-0.1059|-0.2554
202501|11|11170|성남시|GG0101|일식|29873|2028|3407862|0.2132|-0.0916
202501|41|45110|수원시|GG0101|한식|16541|3188|7731345|-0.1497|0.1959
202501|46|27110|부산진구|LL0101|일식|16915|424|6170291|0.0848|0.1468
202501|11|41110|강남구|GG0101|중식|10445|967|2707559|0.2644|0.233
202501|27|42110|서초구|LL0101|일식|20757|1234|7587801|-0.1913|0.1086
202501|26|41150|성남시|FF0101|중식|27976|3851|5378489|0.0522|-0.0161
202501|47|47110|수원시|LL0101|중식|15962|2007|7865773|0.2518|0.2976
202501|11|47110|수원시|LL0101|일식|7176|3882|7947957|0.203|0.2993
202501|47|41130|강남구|GG0101|중식|8414|4514|8470766|-0.1848|0.1733
202501|43|28110|서초구|FF0101|한식|22884|511|6425825|-0.0745|0.134
202501|45|41150|성남시|GG0101|한식|23251|4621|8002972|-0.1205|0.2468
202501|11|11170|서초구|LL0101|일식|22989|4921|5693111|0.2009|0.3509
202501|42|43110|성남시|GG0201|중식|8663|2477|9076511|-0.0875|0.0273
202501|27|43110|서초구|FF0101|한식|11992|2517|7748425|0.2616|0.3124
202501|45|41110|부산진구|GG0101|일식|7526|1161|9173083|0.1314|-0.0276
202501|47|28110|성남시|LL0101|일식|19879|1359|260347|-0.0497|-0.1118
202501|44|11200|부산진구|FF0101|일식|5644|2558|4549938|-0.1709|0.2841
202501|27|11110|부산진구|LL0101|카페|12424|2033|6274083|-0.1442|0.176
202501|27|27110|수원시|GG0201|중식|18376|2934|8852925|0.2566|0.0299
202501|11|41150|서초구|LL0101|한식|28728|4877|2817868|-0.1348|0.154
202501|43|44130|성남시|LL0101|한식|29854|3634|6624492|-0.0414|0.118
202501|26|26140|성남시|LL0101|중식|6415|1455|8483370|0.0605|-0.1564
202501|26|26110|강남구|LL0101|중식|21168|4575|3318802|0.1768|-0.1959
202501|47|41130|강남구|GG0201|카페|5444|371|6812558|0.0973|-0.177
202501|46|41130|수원시|GG0101|한식|6039|4563|157084|-0.0659|0.3377
202501|47|44130|강남구|FF0101|카페|10179|2745|9112382|0.2808|0.2495
202501|47|46110|수원시|GG0101|카페|27079|3094|2981382|0.0457|0.003
202501|41|41110|부산진구|FF0101|중식|22591|603|2350596|-0.0051|-0.0938
202501|27|26140|서초구|FF0101|중식|10125|569|8628606|0.1265|0.3536
202501|11|11200|서초구|GG0201|중식|29331|3792|2074000|-0.1796|-0.2114
202501|46|27110|강남구|GG0201|카페|25066|1655|7759798|0.0115|-0.1302
202501|41|11110|성남시|GG0101|카페|19960|517|4660810|-0.0518|0.1374
202501|42|45110|부산진구|FF0101|일식|11264|4572|4583211|0.1011|-0.0374
202501|45|43110|서초구|LL0101|카페|14772|2125|4844593|-0.1438|0.2374
202501|26|42110|부산진구|GG0101|카페|26317|3390|7878527|0.086|-0.0441
202501|47|46110|강남구|FF0101|한식|16965|2983|5922032|0.2792|0.1461
202501|42|11170|부산진구|LL0101|중식|26600|2250|9030856|0.1714|-0.1972
202501|47|43110|수원시|GG0101|한식|27452|4430|8348605|0.1922|0.2564
202501|43|42110|성남시|GG0201|중식|19903|1689|9389625|-0.0481|-0.1327
202501|27|42110|강남구|GG0201|한식|11233|1131|4284553|0.1351|-0.0162
202501|26|28110|수원시|GG0201|중식|20226|1844|7326503|0.0215|-0.0402
202501|41|42110|부산진구|GG0101|한식|20067|205|5605721|0.0637|0.1742
202501|43|11170|강남구|FF0101|일식|10985|4587|5488891|0.1637|0.3413
202501|26|47110|강남구|LL0101|중식|24554|3877|4140734|-0.0445|-0.2659
202501|11|44130|강남구|FF0101|중식|21900|2712|8012112|0.1855|-0.1916
202501|26|45110|성남시|FF0101|한식|29696|585|7187835|-0.1043|0.0474
202501|43|42110|부산진구|GG0201|카페|20942|939|4583149|0.1583|-0.2564
202501|43|45110|성남시|LL0101|카페|16446|2731|9242585|-0.0567|0.1268
202501|41|41150|강남구|LL0101|한식|10970|1027|6364445|-0.1921|0.3658
202501|11|11200|수원시|GG0101|한식|22577|3847|531595|0.2823|-0.2098
202501|47|41130|서초구|GG0101|한식|22428|1535|5788185|0.2709|-0.202
202501|41|44130|부산진구|FF0101|중식|10781|2508|7230874|-0.0988|0.1883
202501|44|26140|수원시|GG0101|중식|19561|1955|9447175|0.2459|0.3227
202501|41|47110|부산진구|GG0201|카페|17767|2993|4366932|-0.0057|0.2223
202501|45|42110|서초구|GG0101|일식|5180|3726|7426347|-0.0364|0.275
202501|44|46110|서초구|LL0101|일식|28352|3232|7988278|-0.0122|-0.2217
202501|42|11200|서초구|GG0101|카페|24116|1209|9809920|-0.1639|0.2254
202501|27|11110|강남구|GG0201|카페|23136|1254|5390605|0.2722|0.1511
202501|43|27110|부산진구|FF0101|한식|17906|3704|7868696|0.2995|-0.2774
202501|44|28110|서초구|FF0101|일식|5184|4413|9250483|-0.1341|0.3585
202501|44|11140|수원시|GG0201|한식|20326|458|1752421|-0.1345|0.3041
202501|41|42110|성남시|GG0101|카페|25478|4771|4510537|0.118|-0.2814
202501|43|41110|서초구|FF0101|일식|26950|3468|7971796|-0.064|-0.2684
202501|44|44130|강남구|GG0201|일식|17227|3471|6832967|0.2005|0.1849
202501|41|46110|수원시|GG0101|카페|8632|4876|8287590|-0.1998|-0.0937
202501|43|11140|강남구|GG0101|중식|5751|3990|9597385|0.0102|-0.2498
202501|11|26140|강남구|GG0101|한식|24464|3257|8566177|0.1302|-0.2005
202501|41|47110|서초구|GG0101|중식|15392|2729|8229306|0.2442|0.331
202501|27|26140|서초구|FF0101|중식|11852|438|8692240|-0.085|-0.1347
202501|26|11140|서초구|LL0101|한식|8918|1453|687079|0.1544|0.1477
202501|26|41110|강남구|GG0201|카페|29385|3446|7962564|0.1797|-0.1851
202501|43|47110|수원시|LL0101|한식|10050|2291|726254|0.2644|-0.0649
202501|45|42110|성남시|GG0101|한식|28597|4727|9208869|-0.0468|0.1259
202501|45|41150|성남시|FF0101|일식|18570|1444|4212949|0.1981|0.1925
202501|47|41130|성남시|FF0101|중식|26316|680|7800200|-0.1349|0.163
202501|41|43110|강남구|GG0101|카페|6789|3774|7445917|0.0746|0.2925
202501|45|41110|수원시|GG0201|중식|25443|2453|7833841|0.2068|0.2589
202501|27|41130|부산진구|GG0101|한식|14736|421|2328830|0.0233|0.0353
202501|11|11110|수원시|GG0101|일식|21472|4535|5837779|0.1267|-0.0356
202501|43|11110|수원시|LL0101|한식|14714|4868|5559442|0.0932|0.262
202501|47|45110|수원시|GG0201|일식|10621|353|5155206|-0.1688|0.0846
202501|11|47110|부산진구|FF0101|카페|7134|1194|1028396|0.123|-0.2461
202501|42|41150|강남구|LL0101|일식|5989|2244|7587352|-0.1033|0.2343
202501|46|44130|성남시|GG0101|카페|17067|4007|3327856|0.0642|-0.1667
202501|43|11140|수원시|FF0101|카페|15853|3727|1694954|-0.0695|-0.2881
202501|46|41150|수원시|GG0101|한식|25882|3400|2721508|-0.1848|0.1248
202501|42|45110|부산진구|GG0201|한식|25124|1053|2229998|0.2573|0.3522
202501|43|11170|서초구|GG0101|카페|27455|1260|1785118|0.276|0.0522
202501|11|42110|서초구|FF0101|중식|23185|2969|8028888|0.2863|-0.199
202501|47|44130|수원시|FF0101|일식|25832|4465|8435076|0.2911|-0.1781
202501|45|41110|부산진구|GG0101|중식|13343|3789|2314707|0.2283|0.0446
202501|26|47110|서초구|LL0101|중식|10789|4694|1798547|0.018|0.3035
202501|27|27110|서초구|FF0101|일식|29934|2851|8630233|0.2257|0.0344
202501|43|47110|부산진구|LL0101|카페|8687|2723|6712773|-0.0771|-0.1681
202501|44|47110|강남구|LL0101|일식|19578|3019|4248047|0.2095|0.0507
202501|43|46110|서초구|GG0101|카페|27648|4205|6115052|-0.0822|0.3745
202501|41|26140|강남구|FF0101|일식|28667|2795|7919420|0.1961|0.1275
202501|43|41130|성남시|GG0101|중식|14161|3396|7283268|0.0068|-0.2543
202501|26|47110|수원시|FF0101|일식|5763|866|7031462|0.1461|0.1459
202501|47|11170|부산진구|LL0101|일식|25822|3663|3452391|-0.1909|-0.0981
202501|41|45110|수원시|GG0201|일식|23566|2842|691059|-0.0758|0.3141
202501|44|45110|서초구|GG0201|한식|7975|762|5564014|-0.107|-0.1732
202501|47|45110|서초구|GG0201|중식|25126|3213|1105348|0.2951|0.0306
202501|43|11140|수원시|GG0201|카페|22495|1552|541932|-0.1697|0.2559
202501|42|41110|수원시|LL0101|중식|25611|4489|988153|0.0493|0.0587
202501|47|28110|성남시|GG0101|일식|25446|2560|1882346|0.0024|0.1608
202501|11|47110|수원시|LL0101|중식|7352|4806|7367520|0.0539|0.3711
202501|41|11110|부산진구|GG0201|일식|8513|4478|6732304|0.1305|-0.088
202501|44|42110|강남구|FF0101|카페|12614|2696|1293291|-0.0211|-0.1331
202501|43|44130|수원시|GG0101|카페|22455|4168|6954831|-0.0709|0.22
202501|11|42110|성남시|LL0101|카페|19868|4612|1780287|0.0284|-0.2228
202501|44|26110|서초구|LL0101|카페|14550|764|7703333|0.1378|-0.1399
202501|43|11110|수원시|LL0101|일식|18798|4253|5959965|0.2795|-0.0987
202501|26|41150|부산진구|GG0101|중식|29220|1430|4256414|0.1223|0.0766
202501|43|26140|수원시|GG0201|한식|25027|4678|1756540|0.1456|-0.1196
202501|26|28110|부산진구|FF0101|카페|13360|567|8743952|-0.1555|-0.0586
202501|44|45110|성남시|FF0101|카페|20300|37|6217531|0.2018|-0.0526
202501|46|44130|부산진구|GG0201|중식|21134|536|9159082|0.1828|0.2592
202501|27|26140|부산진구|GG0201|중식|20668|526|6782596|-0.1017|0.1594
202501|11|28110|부산진구|GG0101|카페|20399|4823|6993610|-0.0913|0.1454
202501|44|41150|강남구|LL0101|한식|8986|1615|9220872|-0.0807|-0.1409
202501|41|11110|수원시|FF0101|중식|7442|605|8374567|0.2286|-0.2075
202501|27|47110|강남구|GG0201|카페|12898|3752|4608310|-0.0797|-0.2312
202501|42|42110|부산진구|GG0201|일식|5925|280|2806654|-0.0159|0.1031
202501|27|26110|성남시|FF0101|중식|6893|2272|7000297|-0.1184|0.2104
202501|26|44130|수원시|GG0201|일식|21910|1985|3308360|0.0397|0.143
202501|46|27110|강남구|GG0101|카페|8143|1303|2591464|0.2702|0.2293
202501|27|43110|성남시|GG0101|한식|5259|810|2509307|0.0766|0.1595
202501|45|42110|서초구|GG0201|중식|23769|1325|2869929|-0.1328|-0.1667
202501|46|45110|강남구|GG0201|일식|15746|3429|4744537|-0.0347|-0.0469
202501|26|43110|서초구|FF0101|카페|23247|3697|8748291|0.1004|0.0766
202501|27|11170|수원시|FF0101|중식|26636|2892|1205721|0.2924|-0.0366
202501|47|41150|강남구|GG0201|일식|24717|4226|6059643|-0.0692|-0.0747
202501|45|41110|성남시|FF0101|한식|22542|2815|4110275|0.066|-0.2877
202501|41|11200|강남구|FF0101|중식|12624|1900|7402318|0.0981|0.2949
202501|11|11140|수원시|LL0101|한식|28332|2769|4795518|-0.1556|0.1455
202501|27|47110|성남시|GG0101|카페|17477|1278|1694006|0.2512|0.2937
202501|26|11140|서초구|GG0101|일식|29281|579|723966|0.2489|0.3513
202501|26|11110|강남구|GG0201|중식|19070|1249|139436|-0.0433|0.088
202501|26|26110|성남시|FF0101|중식|10242|3361|6193283|0.1192|0.0805
202501|44|43110|서초구|GG0201|카페|11268|4055|1842841|-0.1139|-0.026
202501|26|47110|성남시|GG0101|일식|23787|107|6043897|-0.0401|0.0014
202501|26|45110|부산진구|LL0101|중식|13576|4383|317583|0.138|0.2345
202501|26|11140|서초구|GG0201|카페|22617|2465|2532823|-0.0917|-0.1689
202501|47|44130|서초구|GG0101|중식|27068|4662|8110192|0.2436|0.1157
202501|43|11110|강남구|GG0101|카페|29738|2202|8973831|0.2752|-0.0688
202501|11|47110|성남시|GG0101|중식|5482|2905|4678180|-0.1943|-0.0219
202501|11|43110|성남시|GG0101|중식|14190|293|5004880|0.1967|-0.032
202501|43|26140|강남구|GG0101|중식|11294|3836|9291823|-0.1437|0.0652
202501|45|47110|강남구|LL0101|중식|27912|514|1242605|0.0564|-0.0954
202501|26|45110|수원시|GG0201|일식|17888|1946|4258632|0.2829|-0.1268
202501|27|11140|서초구|FF0101|중식|11397|3256|5128765|0.2274|0.0736
202501|27|42110|성남시|LL0101|중식|11692|740|6775344|0.2946|-0.2133
202501|45|11110|부산진구|GG0201|일식|22121|3470|3680157|0.1411|-0.1618
202501|44|47110|강남구|LL0101|한식|23021|950|227263|0.0337|0.2522
202501|11|41150|강남구|LL0101|일식|17024|4515|6771817|0.0963|0.1987
202501|26|41150|성남시|FF0101|일식|22183|3189|9884513|0.1672|-0.2268
202501|46|11110|수원시|FF0101|일식|8478|966|5197107|0.2918|0.1342
202501|47|47110|강남구|FF0101|한식|6387|347|8269881|-0.0402|0.3537
202501|47|41150|성남시|FF0101|일식|5680|1706|5195444|-0.0674|0.1612
202501|43|11170|수원시|GG0201|일식|10775|289|9485675|0.2233|0.0252
202501|47|41150|서초구|GG0101|일식|9642|3098|226989|-0.1178|-0.0773
202501|47|45110|서초구|GG0101|중식|18071|99|887899|-0.0211|0.0483
202501|26|41130|서초구|GG0101|일식|6348|3566|4787108|0.2977|0.0882
202501|47|26140|서초구|GG0201|카페|11758|1652|8905295|0.198|-0.1039
202501|47|41110|부산진구|GG0201|중식|17596|3165|2585400|-0.1365|0.0047
202501|43|41110|수원시|GG0201|일식|7631|3040|6647495|0.2003|-0.0828
202501|46|45110|서초구|GG0201|중식|14975|4792|504197|0.0111|0.2209
202501|41|28110|강남구|GG0201|일식|8203|4497|7375451|0.1822|-0.24
202501|42|45110|강남구|GG0201|일식|26829|3872|8263379|-0.1045|-0.2125
202501|11|26110|부산진구|FF0101|일식|28591|1534|8643243|-0.0562|0.1971
202501|43|42110|부산진구|LL0101|일식|6471|3340|5549418|0.0623|0.238
202501|41|28110|부산진구|GG0201|카페|22022|3558|5903023|-0.0516|0.307
202501|44|41150|서초구|FF0101|중식|27120|233|9737322|0.0479|-0.2841
202501|43|41110|부산진구|GG0201|카페|29868|3863|1341133|0.1738|-0.2985
202501|46|44130|부산진구|FF0101|일식|16098|3883|7793491|-0.0098|0.0592
202501|45|42110|부산진구|GG0101|카페|16302|3866|2232735|0.1155|-0.0066
202501|41|11200|성남시|GG0201|중식|8152|390|1728612|0.0344|0.3609
202501|11|47110|부산진구|GG0101|중식|22836|4943|2647341|0.2717|-0.0993
202501|46|43110|수원시|FF0101|일식|18259|505|4163350|0.159|0.2934
202501|44|42110|부산진구|LL0101|중식|26122|2112|8002807|-0.1068|0.1182
202501|26|45110|수원시|GG0201|카페|13239|608|2978391|0.135|-0.2841
202501|42|11200|성남시|GG0101|중식|11779|4583|3974829|0.1901|0.2378
202501|26|45110|수원시|LL0101|중식|11934|964|1440894|0.2594|-0.2451
202501|27|41130|부산진구|LL0101|일식|7092|3459|7646187|0.2336|0.2383
202501|11|27110|부산진구|GG0201|카페|15044|62|7327795|0.169|0.0305
202501|46|45110|서초구|FF0101|한식|28928|2093|4802611|-0.146|0.1909
202501|26|26110|서초구|GG0101|카페|19223|156|1370414|-0.0392|-0.0346
202501|26|41150|성남시|LL0101|카페|9034|2332|8571599|0.2612|-0.1433
202501|26|11200|성남시|GG0101|카페|21123|2268|8226436|-0.0255|-0.2573
202501|46|27110|강남구|LL0101|중식|23593|1972|9772390|-0.1826|0.184
202501|44|45110|서초구|GG0201|중식|17110|4565|7126639|-0.0112|-0.1349
202501|46|28110|강남구|GG0201|카페|23847|2597|9924475|-0.0544|0.3407
202501|44|44130|성남시|GG0101|카페|8976|514|8014316|0.2835|0.1959
202501|26|11200|부산진구|FF0101|중식|28462|2828|3519558|0.1344|-0.0329
202501|47|27110|부산진구|GG0201|일식|27951|1249|6464364|-0.142|-0.0706
202501|41|41110|수원시|GG0101|카페|8906|1781|945774|-0.0476|-0.2177
202501|47|43110|성남시|GG0101|카페|22047|3230|2706688|-0.0911|0.231
202501|44|41110|서초구|GG0201|카페|14870|2872|7121044|0.1554|-0.2448
202501|11|11110|수원시|GG0101|일식|16012|2556|7486873|-0.0404|0.0301
202501|47|11140|수원시|GG0101|한식|20788|1282|3385459|0.0007|-0.005
202501|11|43110|서초구|GG0201|카페|25491|2456|125385|0.0604|-0.0081
202501|45|45110|강남구|FF0101|한식|10835|2729|5128125|0.0886|-0.2986
202501|26|27110|강남구|GG0201|한식|7890|233|8030652|0.0595|-0.027
202501|46|46110|서초구|GG0201|카페|29083|4104|9890125|0.2853|-0.219
202501|11|11110|수원시|FF0101|중식|13280|1574|2005960|0.2253|-0.2884
202501|27|27110|성남시|GG0101|한식|19125|4397|1245125|0.2934|0.0622
202501|42|11140|수원시|GG0101|중식|23754|2020|7654634|0.0694|0.0288
202501|41|28110|서초구|FF0101|일식|19909|4777|1022464|0.2767|-0.152
202501|44|41150|성남시|GG0201|일식|16197|3908|8820281|0.1789|-0.0413
202501|46|27110|강남구|GG0101|한식|19783|1934|267416|-0.1905|-0.1173
202501|41|42110|수원시|GG0201|중식|28168|2076|9786589|0.0024|0.2193
202501|45|11200|서초구|GG0201|카페|11271|755|6239298|0.0956|0.367
202501|26|11140|부산진구|GG0101|일식|24692|3880|6407672|0.1464|-0.0961
202501|45|27110|수원시|GG0101|중식|15590|1481|2854638|-0.1952|0.1938
202501|47|42110|수원시|FF0101|일식|5273|83|9366981|-0.0359|-0.2995
202501|45|43110|서초구|LL0101|일식|17397|4501|5770340|0.1347|0.0777
202501|45|41110|수원시|LL0101|중식|26927|4276|1222224|0.0775|0.2221
202501|41|11200|서초구|GG0201|일식|29107|137|802417|-0.015|-0.0561
202501|27|44130|강남구|FF0101|일식|9449|2666|8291940|0.0877|-0.1268
202501|44|43110|성남시|FF0101|카페|22645|2243|5543871|0.1644|0.237
202501|44|47110|강남구|GG0201|카페|29122|302|917920|0.0711|-0.158
202501|47|45110|수원시|GG0201|중식|27968|3823|2435431|-0.1248|0.0961
202501|27|27110|서초구|LL0101|일식|16470|2524|7738294|0.2747|0.0542
202501|44|11170|서초구|GG0201|한식|5818|3368|9521403|0.1756|0.2636
202501|46|27110|수원시|FF0101|일식|26792|2922|5191244|0.2122|-0.1203
202501|47|41150|서초구|LL0101|중식|17852|1440|9554761|0.2682|0.2034
202501|26|44130|성남시|LL0101|카페|21576|4562|4281282|-0.02|-0.2009
202501|41|41130|수원시|GG0201|한식|12402|3934|7877801|0.0439|-0.1404
202501|44|28110|성남시|FF0101|중식|5617|3977|8544283|0.25|0.0669
202501|27|41110|성남시|LL0101|일식|15788|1272|985145|-0.055|0.2034
202501|42|43110|강남구|LL0101|일식|29025|4077|697164|0.2501|-0.1695
202501|42|47110|강남구|FF0101|한식|27694|2049|8022418|-0.1214|-0.1088
202501|46|11140|부산진구|GG0201|한식|28317|4174|3224429|0.1258|0.1538
202501|42|28110|서초구|GG0101|한식|17353|70|6420975|0.0815|0.2511
202501|47|41130|강남구|GG0201|카페|23063|2391|9605639|0.1732|0.0352
202501|46|43110|성남시|GG0201|카페|21008|886|3994895|-0.1707|-0.241
202501|47|41150|서초구|GG0201|카페|13588|4083|8821031|0.123|0.2255
202501|26|41150|강남구|FF0101|카페|20401|3746|6678422|0.0385|-0.2115
202501|26|46110|강남구|GG0101|한식|20913|1735|1841050|-0.1894|-0.1488
202501|11|41130|성남시|GG0101|일식|27681|4922|8201884|-0.1371|-0.0226
202501|43|27110|강남구|GG0101|일식|18066|2725|8334689|0.118|0.0905
202501|27|11170|성남시|GG0201|일식|5379|1630|9392308|-0.031|-0.1296
202501|44|11200|부산진구|FF0101|카페|7358|2313|9815438|0.0353|0.0745
202501|46|26140|부산진구|LL0101|한식|28666|840|3306067|0.0979|0.1212
202501|47|11110|강남구|GG0101|중식|23592|3799|4464233|0.1908|-0.1917
202501|26|11200|수원시|LL0101|카페|6413|4262|1536009|-0.1739|-0.0029
202501|26|11110|강남구|FF0101|카페|8820|3948|7060440|-0.0654|-0.0553
202501|44|11110|수원시|GG0101|중식|23582|3952|7550130|0.1785|-0.069
202501|45|11110|서초구|LL0101|카페|24145|252|9050198|0.2736|-0.2026
202501|46|42110|부산진구|GG0101|중식|10830|1505|1560393|-0.0523|0.0635
202501|41|28110|부산진구|LL0101|카페|15367|1538|6067404|0.1929|0.1639
202501|43|44130|서초구|GG0201|중식|7641|3243|4313935|-0.14|-0.23
202501|42|41110|강남구|GG0101|중식|5372|2473|5201932|0.0903|0.1472
202501|43|47110|수원시|LL0101|일식|16914|2893|6915651|0.0374|-0.1379
202501|43|11140|강남구|GG0201|일식|27707|4572|7234811|0.2642|0.3641
202501|45|46110|강남구|GG0101|한식|9094|2223|3526371|0.223|0.1337
202501|27|11170|서초구|GG0101|중식|7673|1556|5907037|-0.166|0.1675
202501|41|46110|성남시|GG0201|한식|16950|1555|2192348|-0.096|-0.0414
202501|42|47110|서초구|FF0101|일식|8065|734|7495463|-0.1126|-0.0017
202501|41|11170|수원시|FF0101|카페|26893|1978|796642|0.1588|0.3983
202501|41|46110|강남구|LL0101|한식|14460|2784|1015601|0.1553|0.2923
202501|41|26110|강남구|FF0101|카페|20349|1818|8023496|-0.0658|0.3686
202501|11|41130|서초구|GG0201|중식|21990|293|1628406|-0.0068|-0.0016
202501|45|45110|강남구|FF0101|일식|21024|4806|3342595|-0.0603|-0.2934
202501|11|11200|성남시|GG0201|일식|10845|4775|2485576|0.1845|-0.2342
202501|44|11140|성남시|GG0101|한식|26109|1367|8990294|0.243|0.192
202501|11|11140|수원시|FF0101|중식|19336|1627|9017931|0.16|-0.265
202501|41|45110|서초구|GG0101|중식|10954|1702|4110579|-0.0388|-0.0353
